chr7	157019543	rs1175289227	A	G	[8 , 0 , 15 , 0]	[3 , 0 , 10 , 0]	0.992847	1.777778
chr6	29911064	rs1340286993	A	G	[0 , 0 , 23 , 0]	[0 , 1 , 963 , 0]	1.0	nan
chr3	98507562	rs573557832	C	T	[0 , 8 , 0 , 9]	[0 , 11 , 0 , 7]	0.89544	0.565657
chr3	187457564	rs1046667295	G	C	[0 , 5 , 5 , 0]	[0 , 17 , 18 , 0]	1.0	0.944444
chr3	171509742	rs7611088	G	C	[1 , 13 , 6 , 0]	[0 , 20 , 6 , 0]	0.992847	1.538462
chr3	49723174	rs535123551	A	G	[27 , 0 , 1 , 0]	[21 , 0 , 33 , 0]	3e-06	42.428571
chr2	187051269	rs1262595936	G	A	[6 , 0 , 4 , 0]	[19 , 0 , 12 , 0]	1.0	1.055556
chr2	47403116	rs34355730	C	T	[0 , 9 , 0 , 3]	[0 , 38 , 0 , 22]	0.89544	1.736842
chr2	132266738	rs748174256	C	A	[387 , 191 , 13 , 10]	[9 , 7 , 0 , 0]	0.873089	0.634551
chr2	132268179	rs1439606154	C	T	[0 , 3 , 0 , 14]	[0 , 18 , 0 , 13]	0.066147	0.154762
chr2	135203572	rs981342817	C	G	[1 , 2 , 17 , 0]	[0 , 21 , 7 , 0]	0.00013	0.039216
chr2	101584951	rs1465901329	A	G	[8 , 0 , 11 , 0]	[5 , 0 , 5 , 0]	0.992847	0.727273
chr1	16946562	rs1046361019	C	A	[7 , 12 , 0 , 0]	[38 , 70 , 0 , 0]	1.0	0.930612
chr1	68151685	rs1159133967	C	T	[0 , 21 , 0 , 14]	[0 , 17 , 0 , 11]	1.0	0.970588
chr1	234745009	rs1345918857	A	G	[2 , 0 , 9 , 0]	[33 , 0 , 34 , 0]	0.308979	0.228956
chr1	16974637	rs919178393	T	C	[4 , 82 , 1 , 454]	[0 , 123 , 0 , 335]	8.5e-05	2.032836
chr1	11968273	rs771468055	A	G	[150 , 1 , 289 , 1]	[829 , 0 , 567 , 1]	0.0	0.354995
chr1	45196754	rs573923686	A	G	[53 , 0 , 0 , 0]	[456 , 0 , 332 , 0]	0.0	inf
chr1	149294669	rs1341499418	C	T	[0 , 4 , 0 , 7]	[0 , 64 , 0 , 7]	0.001396	0.0625
chr21	9942240	rs1382198143	C	T	[0 , 11 , 0 , 0]	[0 , 31 , 0 , 9]	0.492951	inf
chr21	9826733	rs1280851735	A	G	[941 , 5 , 170 , 8]	[24 , 0 , 9 , 0]	0.296013	2.075735
chr9	96065587	rs1168528310	G	T	[0 , 0 , 5 , 8]	[0 , 0 , 10 , 2]	0.182873	0.125
chr12	125399068	rs1175629133	C	T	[0 , 6 , 0 , 8]	[0 , 19 , 0 , 14]	0.89544	0.552632
chr12	26763716	rs181031108	G	A	[6 , 0 , 4 , 0]	[6 , 0 , 9 , 0]	0.873089	0.444444
chr11	129939826	rs1383651505	C	T	[0 , 12 , 0 , 12]	[0 , 293 , 0 , 312]	1.0	1.064846
chr11	2695221	rs912780038	G	C	[0 , 24 , 7 , 0]	[0 , 63 , 67 , 0]	0.027046	0.274254
chr10	105407790	rs1253479852	C	T	[0 , 8 , 0 , 7]	[0 , 12 , 0 , 9]	1.0	0.857143
chr17	30696292	rs998438291	C	T	[1 , 12 , 0 , 5]	[0 , 22 , 0 , 27]	0.30781	2.945455
chr17	7310822	rs952414537	T	C	[2 , 5 , 0 , 14]	[0 , 4 , 0 , 7]	0.992847	1.6
chr17	76187474	rs1465406816	C	T	[0 , 7 , 0 , 6]	[0 , 42 , 0 , 18]	0.733089	0.5
chr17	41437951	rs1373591715	G	C	[0 , 5 , 5 , 0]	[0 , 24 , 85 , 0]	0.254221	0.282353
chr16	456483	rs987181966	T	C	[0 , 8 , 0 , 4]	[0 , 17 , 0 , 18]	0.733089	0.472222
chr16	2168293	rs1397705168	C	A	[0 , 33 , 0 , 0]	[16 , 71 , 0 , 0]	0.029569	inf
chr16	89875259	rs533754522	T	C	[0 , 5 , 0 , 13]	[0 , 12 , 0 , 28]	1.0	1.114286
chr16	2162887	rs1358695752	A	G	[10 , 0 , 4 , 0]	[22 , 0 , 26 , 0]	0.384691	2.954545
chr16	584232	rs1348272011	A	G	[5 , 0 , 5 , 0]	[18 , 0 , 7 , 0]	0.639093	0.388889
chr16	1819433	rs573013703	G	A	[7 , 0 , 5 , 0]	[28 , 0 , 32 , 0]	0.89544	0.625
chr16	88803982	rs1221564127	C	G	[0 , 8 , 8 , 0]	[0 , 87 , 43 , 0]	0.639093	0.494253
chr16	52579986	rs1226568312	A	G	[8 , 1 , 5 , 0]	[9 , 0 , 3 , 0]	0.992847	0.533333
chr16	28875482	rs1025330958	A	G	[31 , 0 , 17 , 1]	[27 , 0 , 12 , 0]	1.0	0.810458
chr15	75651040	rs1324029785	T	C	[0 , 179 , 1 , 22]	[0 , 3 , 0 , 10]	4e-06	0.036872
chr15	67374602	rs1025518251	G	C	[1 , 4 , 7 , 0]	[0 , 10 , 9 , 0]	0.89544	1.944444
chr14	39743030	rs890814944	G	A	[5 , 0 , 8 , 0]	[81 , 0 , 41 , 0]	0.254269	3.160976
chr20	61847056	rs1350676320	C	T	[0 , 42 , 0 , 7]	[0 , 7 , 0 , 16]	6.1e-05	13.714286
chr20	25276297	rs1341247244	G	A	[5 , 0 , 5 , 0]	[375 , 0 , 280 , 0]	0.992847	1.339286
chr20	61587698	rs1243823687	C	T	[0 , 14 , 0 , 7]	[0 , 16 , 0 , 10]	0.992847	1.25
chr19	54970369	rs1477351440	G	C	[0 , 24 , 40 , 1]	[0 , 26 , 37 , 0]	0.992847	1.171171
chr19	990819	rs2240149	G	A	[28 , 0 , 29 , 0]	[9 , 0 , 9 , 0]	1.0	1.035714
chr19	5692068	rs1332831811	G	A	[4 , 0 , 6 , 0]	[211 , 0 , 205 , 0]	0.89544	1.543902
chr19	50363175	rs1271790629	A	G	[7 , 0 , 6 , 0]	[10 , 0 , 13 , 0]	0.992847	1.516667
chr19	11033548	rs753416197	G	A	[5 , 0 , 6 , 0]	[86 , 0 , 89 , 0]	1.0	1.159551
chr19	39936502	rs527923059	G	A	[5 , 0 , 13 , 0]	[57 , 0 , 71 , 0]	0.557953	2.087324
chr18	77728045	rs1431987938	C	T	[0 , 8 , 0 , 15]	[0 , 17 , 0 , 39]	0.998997	1.223529
