chr7	157019543	var_34	A	G	[8 , 0 , 15 , 0]	[3 , 0 , 10 , 0]	0.935152	1.777778
chr7	29979077	var_32	T	C	[0 , 0 , 0 , 12]	[0 , 3 , 0 , 13]	0.598456	inf
chr7	73026453	var_33	T	C	[1 , 2 , 2 , 14]	[0 , 7 , 0 , 40]	1.0	1.225
chr6	29911064	var_30	A	G	[0 , 0 , 23 , 0]	[0 , 1 , 963 , 0]	1.0	nan
chr6	116573667	var_31	G	A	[19 , 0 , 40 , 1]	[50 , 0 , 85 , 0]	0.913264	1.23839
chr4	774115	var_29	T	C	[0 , 0 , 0 , 10]	[0 , 6 , 0 , 62]	1.0	inf
chr3	52567617	var_25	A	G	[43 , 0 , 6 , 2]	[99 , 0 , 115 , 0]	2e-06	8.324916
chr3	98507562	var_26	C	T	[0 , 8 , 0 , 9]	[0 , 11 , 0 , 7]	0.839949	0.565657
chr3	187457564	var_28	G	C	[0 , 5 , 5 , 0]	[0 , 17 , 18 , 0]	1.0	0.944444
chr3	171509742	var_27	G	C	[1 , 13 , 6 , 0]	[0 , 20 , 6 , 0]	0.935152	1.538462
chr3	49723174	var_24	A	G	[27 , 0 , 1 , 0]	[21 , 0 , 33 , 0]	4e-06	42.428571
chr2	187051269	var_22	G	A	[6 , 0 , 4 , 0]	[19 , 0 , 12 , 0]	1.0	1.055556
chr2	47403116	var_16	C	T	[0 , 9 , 0 , 3]	[0 , 38 , 0 , 22]	0.839949	1.736842
chr2	132266738	var_19	C	A	[387 , 191 , 13 , 10]	[9 , 7 , 0 , 0]	0.783245	0.634551
chr2	132268179	var_20	C	T	[0 , 3 , 0 , 14]	[0 , 18 , 0 , 13]	0.091198	0.154762
chr2	135203572	var_21	C	G	[1 , 2 , 17 , 0]	[0 , 21 , 7 , 0]	0.000199	0.039216
chr2	101584951	var_18	A	G	[8 , 0 , 11 , 0]	[5 , 0 , 5 , 0]	0.935152	0.727273
chr2	242190490	var_23	T	C	[1 , 3 , 0 , 9]	[0 , 5 , 0 , 46]	0.526851	0.326087
chr2	71606909	var_17	A	G	[91 , 0 , 0 , 1]	[12 , 0 , 3 , 0]	0.01994	inf
chr1	207942336	var_14	A	G	[27 , 0 , 2 , 1]	[107 , 0 , 18 , 0]	0.716235	2.271028
chr1	16946562	var_5	C	A	[7 , 12 , 0 , 0]	[38 , 70 , 0 , 0]	1.0	0.930612
chr1	68151685	var_12	C	T	[0 , 21 , 0 , 14]	[0 , 17 , 0 , 11]	1.0	0.970588
chr1	234745009	var_15	A	G	[2 , 0 , 9 , 0]	[33 , 0 , 34 , 0]	0.368676	0.228956
chr1	31448296	var_8	T	C	[0 , 0 , 0 , 10]	[0 , 2 , 0 , 15]	0.839949	inf
chr1	16974637	var_6	T	C	[4 , 82 , 1 , 454]	[0 , 123 , 0 , 335]	0.000128	2.032836
chr1	19536366	var_7	A	C	[5 , 6 , 0 , 0]	[32 , 20 , 0 , 0]	0.670192	0.520833
chr1	1241903	var_1	C	G	[0 , 11 , 11 , 0]	[0 , 4 , 9 , 0]	0.659489	2.25
chr1	53378096	var_11	T	C	[0 , 0 , 0 , 17]	[0 , 3 , 0 , 21]	0.599241	inf
chr1	11968273	var_4	A	G	[150 , 1 , 289 , 1]	[829 , 0 , 567 , 1]	0.0	0.354995
chr1	45196754	var_10	A	G	[53 , 0 , 0 , 0]	[456 , 0 , 332 , 0]	0.0	inf
chr1	3369753	var_3	G	A	[2 , 0 , 8 , 0]	[4 , 0 , 6 , 0]	0.913264	2.666667
chr1	149294669	var_13	C	T	[0 , 4 , 0 , 7]	[0 , 64 , 0 , 7]	0.001959	0.0625
chr21	9942240	var_98	C	T	[0 , 11 , 0 , 0]	[0 , 31 , 0 , 9]	0.530155	inf
chr21	45222512	var_99	C	T	[0 , 3 , 0 , 7]	[0 , 11 , 0 , 11]	0.797767	0.428571
chr21	9826733	var_96	A	G	[941 , 5 , 170 , 8]	[24 , 0 , 9 , 0]	0.365505	2.075735
chr21	9832350	var_97	A	T	[20 , 1 , 0 , 9]	[46 , 0 , 0 , 8]	0.365505	0.386473
chr9	96065587	var_38	G	T	[0 , 0 , 5 , 8]	[0 , 0 , 10 , 2]	0.226511	0.125
chr9	71346717	var_37	A	G	[3 , 0 , 8 , 0]	[11 , 0 , 3 , 0]	0.106539	0.102273
chr8	145641564	var_36	T	G	[0 , 0 , 4 , 7]	[0 , 0 , 65 , 71]	0.839949	1.602113
chr12	125399068	var_48	C	T	[0 , 6 , 0 , 8]	[0 , 19 , 0 , 14]	0.839949	0.552632
chr12	26763716	var_45	G	A	[6 , 0 , 4 , 0]	[6 , 0 , 9 , 0]	0.783245	0.444444
chr12	125267902	var_47	T	C	[0 , 1 , 0 , 10]	[0 , 3 , 0 , 18]	1.0	1.666667
chr12	120637199	var_46	G	A	[7 , 0 , 9 , 0]	[3271 , 1 , 4704 , 0]	0.972875	0.894042
chr11	129939826	var_44	C	T	[0 , 12 , 0 , 12]	[0 , 293 , 0 , 312]	1.0	1.064846
chr11	65210090	var_42	A	G	[151 , 0 , 14 , 0]	[147 , 0 , 21 , 0]	0.629624	1.540816
chr11	65383755	var_43	G	T	[0 , 0 , 20 , 21]	[0 , 0 , 18 , 25]	0.935152	1.322751
chr11	2695221	var_41	G	C	[0 , 24 , 7 , 0]	[0 , 63 , 67 , 0]	0.035593	0.274254
chr10	101556205	var_39	A	G	[13 , 0 , 0 , 1]	[159 , 0 , 18 , 0]	0.913264	inf
chr10	105407790	var_40	C	T	[0 , 8 , 0 , 7]	[0 , 12 , 0 , 9]	1.0	0.857143
chr17	77083619	var_82	T	C	[0 , 4 , 0 , 13]	[0 , 9 , 0 , 11]	0.649464	2.659091
chr17	30696292	var_76	C	T	[1 , 12 , 0 , 5]	[0 , 22 , 0 , 27]	0.365505	2.945455
chr17	7310822	var_74	T	C	[2 , 5 , 0 , 14]	[0 , 4 , 0 , 7]	0.935152	1.6
chr17	76187474	var_80	C	T	[0 , 7 , 0 , 6]	[0 , 42 , 0 , 18]	0.670192	0.5
chr17	14306738	var_75	A	G	[14 , 0 , 1 , 0]	[20 , 0 , 3 , 0]	1.0	2.1
chr17	1652505	var_73	A	G	[9 , 0 , 1 , 0]	[74 , 0 , 19 , 0]	0.935152	2.310811
chr17	41381722	var_77	A	G	[10 , 0 , 0 , 0]	[22 , 0 , 6 , 0]	0.526851	inf
chr17	41437951	var_78	G	C	[0 , 5 , 5 , 0]	[0 , 24 , 85 , 0]	0.313476	0.282353
chr16	456483	var_59	T	C	[0 , 8 , 0 , 4]	[0 , 17 , 0 , 18]	0.670192	0.472222
chr16	2168293	var_63	C	A	[0 , 33 , 0 , 0]	[16 , 71 , 0 , 0]	0.039912	inf
chr16	89875259	var_72	T	C	[0 , 5 , 0 , 13]	[0 , 12 , 0 , 28]	1.0	1.114286
chr16	2162887	var_62	A	G	[10 , 0 , 4 , 0]	[22 , 0 , 26 , 0]	0.433943	2.954545
chr16	584232	var_60	A	G	[5 , 0 , 5 , 0]	[18 , 0 , 7 , 0]	0.599241	0.388889
chr16	1819433	var_61	G	A	[7 , 0 , 5 , 0]	[28 , 0 , 32 , 0]	0.839949	0.625
chr16	88803982	var_70	C	G	[0 , 8 , 8 , 0]	[0 , 87 , 43 , 0]	0.601741	0.494253
chr16	50657032	var_68	A	G	[30 , 0 , 13 , 0]	[22 , 0 , 45 , 0]	0.001959	4.72028
chr16	52579986	var_69	A	G	[8 , 1 , 5 , 0]	[9 , 0 , 3 , 0]	0.935152	0.533333
chr16	89471829	var_71	T	C	[0 , 0 , 0 , 14]	[0 , 2 , 0 , 10]	0.539604	inf
chr16	50614391	var_67	A	G	[24 , 0 , 3 , 0]	[22 , 0 , 8 , 0]	0.539604	2.909091
chr16	28875482	var_64	A	G	[31 , 0 , 17 , 1]	[27 , 0 , 12 , 0]	0.976989	0.810458
chr16	50570811	var_66	A	G	[75 , 0 , 5 , 0]	[9 , 0 , 2 , 0]	0.539604	3.333333
chr16	48388383	var_65	A	G	[11 , 0 , 0 , 0]	[97 , 0 , 10 , 0]	0.907591	inf
chr15	25209000	var_55	A	G	[11 , 0 , 0 , 0]	[45 , 0 , 10 , 0]	0.539604	inf
chr15	75651040	var_58	T	C	[0 , 179 , 1 , 22]	[0 , 3 , 0 , 10]	6e-06	0.036872
chr15	67374602	var_57	G	C	[1 , 4 , 7 , 0]	[0 , 10 , 9 , 0]	0.8184	1.944444
chr15	49521710	var_56	C	G	[0 , 6 , 11 , 2]	[0 , 7 , 4 , 0]	0.599241	0.311688
chr14	21720608	var_50	T	C	[0 , 0 , 0 , 28]	[0 , 11 , 0 , 98]	0.414735	inf
chr14	39741380	var_52	A	G	[10 , 0 , 0 , 0]	[24 , 0 , 11 , 0]	0.365505	inf
chr14	39743030	var_54	G	A	[5 , 0 , 8 , 0]	[81 , 0 , 41 , 0]	0.313476	3.160976
chr14	39741886	var_53	A	G	[25 , 0 , 1 , 0]	[51 , 0 , 18 , 0]	0.112497	8.823529
chr20	61847056	var_95	C	T	[0 , 42 , 0 , 7]	[0 , 7 , 0 , 16]	9e-05	13.714286
chr20	25276297	var_92	G	A	[5 , 0 , 5 , 0]	[375 , 0 , 280 , 0]	0.944539	1.339286
chr20	61587698	var_94	C	T	[0 , 14 , 0 , 7]	[0 , 16 , 0 , 10]	0.952384	1.25
chr20	397590	var_91	A	G	[9 , 0 , 1 , 0]	[46 , 0 , 10 , 0]	1.0	1.956522
chr20	34217719	var_93	T	C	[0 , 2 , 0 , 14]	[0 , 21 , 0 , 31]	0.313476	4.741935
chr19	54970369	var_90	G	C	[0 , 24 , 40 , 1]	[0 , 26 , 37 , 0]	0.935152	1.171171
chr19	990819	var_84	G	A	[28 , 0 , 29 , 0]	[9 , 0 , 9 , 0]	1.0	1.035714
chr19	5692068	var_85	G	A	[4 , 0 , 6 , 0]	[211 , 0 , 205 , 0]	0.839949	1.543902
chr19	50363175	var_89	A	G	[7 , 0 , 6 , 0]	[10 , 0 , 13 , 0]	0.935152	1.516667
chr19	11033548	var_86	G	A	[5 , 0 , 6 , 0]	[86 , 0 , 89 , 0]	1.0	1.159551
chr19	18477901	var_87	A	G	[12 , 0 , 4 , 0]	[113 , 0 , 14 , 0]	0.414735	0.371681
chr19	39936502	var_88	G	A	[5 , 0 , 13 , 0]	[57 , 0 , 71 , 0]	0.543917	2.087324
chr18	77728045	var_83	C	T	[0 , 8 , 0 , 15]	[0 , 17 , 0 , 39]	0.968739	1.223529
chrX	73495304	var_100	T	C	[2 , 2 , 0 , 21]	[0 , 5 , 0 , 22]	0.783245	2.386364
