chr7	29979077	re14	T	C	[0 , 0 , 0 , 12]	[0 , 3 , 0 , 13]	0.459756	inf
chr7	73026453	re2	T	C	[1 , 2 , 2 , 14]	[0 , 7 , 0 , 40]	1.0	1.225
chr4	774115	re4	T	C	[0 , 0 , 0 , 10]	[0 , 6 , 0 , 62]	1.0	inf
chr2	242190490	re23	T	C	[1 , 3 , 0 , 9]	[0 , 5 , 0 , 46]	0.420659	0.326087
chr2	71606909	re0	A	G	[91 , 0 , 0 , 1]	[12 , 0 , 3 , 0]	0.034198	inf
chr1	207942336	re20	A	G	[27 , 0 , 2 , 1]	[107 , 0 , 18 , 0]	0.564233	2.271028
chr1	31448296	re21	T	C	[0 , 0 , 0 , 10]	[0 , 2 , 0 , 15]	0.712115	inf
chr1	19536366	re30	A	C	[5 , 6 , 0 , 0]	[32 , 20 , 0 , 0]	0.545682	0.520833
chr1	53378096	re13	T	C	[0 , 0 , 0 , 17]	[0 , 3 , 0 , 21]	0.459756	inf
chr21	9832350	re29	A	T	[20 , 1 , 0 , 9]	[46 , 0 , 0 , 8]	0.420659	0.386473
chr12	125267902	re25	T	C	[0 , 1 , 0 , 10]	[0 , 3 , 0 , 18]	1.0	1.666667
chr11	65210090	re18	A	G	[151 , 0 , 14 , 0]	[147 , 0 , 21 , 0]	0.485061	1.540816
chr10	101556205	re17	A	G	[13 , 0 , 0 , 1]	[159 , 0 , 18 , 0]	0.777508	inf
chr17	14306738	re28	A	G	[14 , 0 , 1 , 0]	[20 , 0 , 3 , 0]	1.0	2.1
chr17	1652505	re11	A	G	[9 , 0 , 1 , 0]	[74 , 0 , 19 , 0]	0.824483	2.310811
chr17	41381722	re26	A	G	[10 , 0 , 0 , 0]	[22 , 0 , 6 , 0]	0.420659	inf
chr16	50657032	re1	A	G	[30 , 0 , 13 , 0]	[22 , 0 , 45 , 0]	0.005588	4.72028
chr16	89471829	re16	T	C	[0 , 0 , 0 , 14]	[0 , 2 , 0 , 10]	0.420659	inf
chr16	50614391	re31	A	G	[24 , 0 , 3 , 0]	[22 , 0 , 8 , 0]	0.420659	2.909091
chr16	50570811	re27	A	G	[75 , 0 , 5 , 0]	[9 , 0 , 2 , 0]	0.420659	3.333333
chr16	48388383	re8	A	G	[11 , 0 , 0 , 0]	[97 , 0 , 10 , 0]	0.777508	inf
chr15	25209000	re12	A	G	[11 , 0 , 0 , 0]	[45 , 0 , 10 , 0]	0.420659	inf
chr14	21720608	re9	T	C	[0 , 0 , 0 , 28]	[0 , 11 , 0 , 98]	0.420659	inf
chr14	39741380	re19	A	G	[10 , 0 , 0 , 0]	[24 , 0 , 11 , 0]	0.420659	inf
chr14	39741886	re3	A	G	[25 , 0 , 1 , 0]	[51 , 0 , 18 , 0]	0.187092	8.823529
chr20	397590	re22	A	G	[9 , 0 , 1 , 0]	[46 , 0 , 10 , 0]	1.0	1.956522
chr20	34217719	re15	T	C	[0 , 2 , 0 , 14]	[0 , 21 , 0 , 31]	0.420659	4.741935
chr19	18477901	re24	A	G	[12 , 0 , 4 , 0]	[113 , 0 , 14 , 0]	0.420659	0.371681
chrX	73495304	re7	T	C	[2 , 2 , 0 , 21]	[0 , 5 , 0 , 22]	0.622806	2.386364
